FEs:100: Empty DataFrame
Columns: [0, 1, 2, 3, 4, 5, 6, 7, 8]
Index: []
FEs:150:                       0         1    2    3    4    5    6    7    8
(0, 0, 0, 0, 0, 0)  0.0 -0.152199  0.0  0.0  0.0  0.0  0.0  0.0  0.0
FEs:200:                       0         1    2    3    4    5    6         7    8
(0, 0, 0, 0, 0, 0)  0.0 -0.152199  0.0  0.0  0.0  0.0  0.0 -0.212078  0.0
(0, 1, 0, 0, 0, 1)  0.0  0.000000  0.0  0.0  0.0  0.0  0.0  0.000000  0.0
FEs:250:                       0         1         2    3    4    5    6         7    8
(0, 0, 0, 0, 0, 0)  0.0 -0.152199  0.000000  0.0  0.0  0.0  0.0 -0.212078  0.0
(0, 1, 0, 0, 0, 1)  0.0  0.000000 -0.266885  0.0  0.0  0.0  0.0  0.000000  0.0
(1, 0, 0, 0, 1, 0)  0.0  0.000000  0.000000  0.0  0.0  0.0  0.0  0.000000  0.0
FEs:300:                       0         1         2    3    4    5         6  \
(0, 0, 0, 0, 0, 0)  0.0 -0.152199  0.000000  0.0  0.0  0.0  0.000000   
(0, 1, 0, 0, 0, 1)  0.0  0.000000 -0.266885  0.0  0.0  0.0  0.000000   
(1, 0, 0, 0, 1, 0)  0.0  0.000000  0.000000  0.0  0.0  0.0 -0.197987   
(2, 0, 0, 0, 2, 0)  0.0  0.000000  0.000000  0.0  0.0  0.0  0.000000   

                           7    8  
(0, 0, 0, 0, 0, 0) -0.212078  0.0  
(0, 1, 0, 0, 0, 1)  0.000000  0.0  
(1, 0, 0, 0, 1, 0)  0.000000  0.0  
(2, 0, 0, 0, 2, 0)  0.000000  0.0  
FEs:350:                       0         1         2    3    4    5         6  \
(0, 0, 0, 0, 0, 0)  0.0 -0.152199  0.000000  0.0  0.0  0.0  0.000000   
(0, 1, 0, 0, 0, 1)  0.0  0.000000 -0.266885  0.0  0.0  0.0  0.000000   
(1, 0, 0, 0, 1, 0)  0.0  0.000000  0.000000  0.0  0.0  0.0 -0.197987   
(2, 0, 0, 0, 2, 0)  0.0  0.000000  0.000000  0.0  0.0  0.0 -0.225218   
(0, 1, 0, 0, 3, 0)  0.0  0.000000  0.000000  0.0  0.0  0.0  0.000000   

                           7    8  
(0, 0, 0, 0, 0, 0) -0.212078  0.0  
(0, 1, 0, 0, 0, 1)  0.000000  0.0  
(1, 0, 0, 0, 1, 0)  0.000000  0.0  
(2, 0, 0, 0, 2, 0)  0.000000  0.0  
(0, 1, 0, 0, 3, 0)  0.000000  0.0  
