FEs:100: Empty DataFrame
Columns: [0, 1, 2, 3, 4, 5, 6, 7, 8]
Index: []
FEs:150:                            0    1    2    3    4    5    6    7    8
(0, 0, 0, 0, 0, 0) -0.119202  0.0  0.0  0.0  0.0  0.0  0.0  0.0  0.0
FEs:200:                            0    1    2    3        4    5    6    7    8
(0, 0, 0, 0, 0, 0) -0.119202  0.0  0.0  0.0 -0.19942  0.0  0.0  0.0  0.0
(0, 1, 0, 0, 0, 1)  0.000000  0.0  0.0  0.0  0.00000  0.0  0.0  0.0  0.0
FEs:250:                            0    1    2    3        4    5    6         7    8
(0, 0, 0, 0, 0, 0) -0.119202  0.0  0.0  0.0 -0.19942  0.0  0.0  0.000000  0.0
(0, 1, 0, 0, 0, 1)  0.000000  0.0  0.0  0.0  0.00000  0.0  0.0 -0.207236  0.0
(1, 0, 0, 0, 1, 0)  0.000000  0.0  0.0  0.0  0.00000  0.0  0.0  0.000000  0.0
FEs:300:                            0    1    2    3        4    5    6         7  \
(0, 0, 0, 0, 0, 0) -0.119202  0.0  0.0  0.0 -0.19942  0.0  0.0  0.000000   
(0, 1, 0, 0, 0, 1)  0.000000  0.0  0.0  0.0  0.00000  0.0  0.0 -0.207236   
(1, 0, 0, 0, 1, 0)  0.000000  0.0  0.0  0.0  0.00000  0.0  0.0  0.000000   
(2, 0, 0, 0, 2, 0)  0.000000  0.0  0.0  0.0  0.00000  0.0  0.0  0.000000   

                           8  
(0, 0, 0, 0, 0, 0)  0.000000  
(0, 1, 0, 0, 0, 1)  0.000000  
(1, 0, 0, 0, 1, 0) -0.178016  
(2, 0, 0, 0, 2, 0)  0.000000  
FEs:350:                            0    1    2         3        4    5    6         7  \
(0, 0, 0, 0, 0, 0) -0.119202  0.0  0.0  0.000000 -0.19942  0.0  0.0  0.000000   
(0, 1, 0, 0, 0, 1)  0.000000  0.0  0.0  0.000000  0.00000  0.0  0.0 -0.207236   
(1, 0, 0, 0, 1, 0)  0.000000  0.0  0.0  0.000000  0.00000  0.0  0.0  0.000000   
(2, 0, 0, 0, 2, 0)  0.000000  0.0  0.0 -0.854528  0.00000  0.0  0.0  0.000000   
(0, 1, 0, 0, 3, 0)  0.000000  0.0  0.0  0.000000  0.00000  0.0  0.0  0.000000   

                           8  
(0, 0, 0, 0, 0, 0)  0.000000  
(0, 1, 0, 0, 0, 1)  0.000000  
(1, 0, 0, 0, 1, 0) -0.178016  
(2, 0, 0, 0, 2, 0)  0.000000  
(0, 1, 0, 0, 3, 0)  0.000000  
FEs:400:                            0    1    2         3        4    5    6         7  \
(0, 0, 0, 0, 0, 0) -0.119202  0.0  0.0  0.000000 -0.19942  0.0  0.0  0.000000   
(0, 1, 0, 0, 0, 1)  0.000000  0.0  0.0  0.000000  0.00000  0.0  0.0 -0.207236   
(1, 0, 0, 0, 1, 0)  0.000000  0.0  0.0  0.000000  0.00000  0.0  0.0  0.000000   
(2, 0, 0, 0, 2, 0)  0.000000  0.0  0.0 -0.854528  0.00000  0.0  0.0  0.000000   
(0, 1, 0, 0, 3, 0)  0.000000  0.0  0.0  0.000000  0.00000  0.0  0.0  0.000000   
(0, 2, 0, 0, 4, 0)  0.000000  0.0  0.0  0.000000  0.00000  0.0  0.0  0.000000   

                           8  
(0, 0, 0, 0, 0, 0)  0.000000  
(0, 1, 0, 0, 0, 1)  0.000000  
(1, 0, 0, 0, 1, 0) -0.178016  
(2, 0, 0, 0, 2, 0)  0.000000  
(0, 1, 0, 0, 3, 0) -0.881937  
(0, 2, 0, 0, 4, 0)  0.000000  
