FEs:100: Empty DataFrame
Columns: [0, 1, 2, 3, 4, 5, 6, 7, 8]
Index: []
FEs:150:                       0         1    2    3    4    5    6    7    8
(0, 0, 0, 0, 0, 0)  0.0 -0.126853  0.0  0.0  0.0  0.0  0.0  0.0  0.0
FEs:200:                       0         1    2    3    4    5    6    7         8
(0, 0, 0, 0, 0, 0)  0.0 -0.126853  0.0  0.0  0.0  0.0  0.0  0.0 -0.511853
(0, 1, 0, 0, 0, 1)  0.0  0.000000  0.0  0.0  0.0  0.0  0.0  0.0  0.000000
FEs:250:                       0         1    2    3    4    5         6    7         8
(0, 0, 0, 0, 0, 0)  0.0 -0.126853  0.0  0.0  0.0  0.0  0.000000  0.0 -0.511853
(0, 1, 0, 0, 0, 1)  0.0  0.000000  0.0  0.0  0.0  0.0 -0.911948  0.0  0.000000
(1, 0, 0, 0, 1, 0)  0.0  0.000000  0.0  0.0  0.0  0.0  0.000000  0.0  0.000000
