FEs:100: Empty DataFrame
Columns: [0, 1, 2, 3, 4, 5, 6, 7, 8]
Index: []
FEs:150:                       0    1         2    3    4    5    6    7    8
(0, 0, 0, 0, 0, 0)  0.0  0.0 -0.160032  0.0  0.0  0.0  0.0  0.0  0.0
FEs:200:                       0    1         2         3    4    5    6    7    8
(0, 0, 0, 0, 0, 0)  0.0  0.0 -0.160032 -0.225175  0.0  0.0  0.0  0.0  0.0
(0, 1, 0, 0, 0, 1)  0.0  0.0  0.000000  0.000000  0.0  0.0  0.0  0.0  0.0
FEs:250:                       0    1         2         3    4    5    6    7    8
(0, 0, 0, 0, 0, 0)  0.0  0.0 -0.160032 -0.225175  0.0  0.0  0.0  0.0  0.0
(0, 1, 0, 0, 0, 1)  0.0  0.0  0.000000 -0.285630  0.0  0.0  0.0  0.0  0.0
(1, 0, 0, 0, 1, 0)  0.0  0.0  0.000000  0.000000  0.0  0.0  0.0  0.0  0.0
FEs:300:                       0    1         2         3    4         5    6    7    8
(0, 0, 0, 0, 0, 0)  0.0  0.0 -0.160032 -0.225175  0.0  0.000000  0.0  0.0  0.0
(0, 1, 0, 0, 0, 1)  0.0  0.0  0.000000 -0.285630  0.0  0.000000  0.0  0.0  0.0
(1, 0, 0, 0, 1, 0)  0.0  0.0  0.000000  0.000000  0.0 -0.205565  0.0  0.0  0.0
(2, 0, 0, 0, 2, 0)  0.0  0.0  0.000000  0.000000  0.0  0.000000  0.0  0.0  0.0
FEs:350:                       0    1         2         3    4         5    6    7    8
(0, 0, 0, 0, 0, 0)  0.0  0.0 -0.160032 -0.225175  0.0  0.000000  0.0  0.0  0.0
(0, 1, 0, 0, 0, 1)  0.0  0.0  0.000000 -0.285630  0.0  0.000000  0.0  0.0  0.0
(1, 0, 0, 0, 1, 0)  0.0  0.0  0.000000  0.000000  0.0 -0.205565  0.0  0.0  0.0
(2, 0, 0, 0, 2, 0)  0.0  0.0 -0.194973  0.000000  0.0  0.000000  0.0  0.0  0.0
(0, 1, 0, 0, 3, 0)  0.0  0.0  0.000000  0.000000  0.0  0.000000  0.0  0.0  0.0
FEs:400:                       0    1         2         3    4         5    6    7    8
(0, 0, 0, 0, 0, 0)  0.0  0.0 -0.160032 -0.225175  0.0  0.000000  0.0  0.0  0.0
(0, 1, 0, 0, 0, 1)  0.0  0.0  0.000000 -0.285630  0.0  0.000000  0.0  0.0  0.0
(1, 0, 0, 0, 1, 0)  0.0  0.0  0.000000  0.000000  0.0 -0.205565  0.0  0.0  0.0
(2, 0, 0, 0, 2, 0)  0.0  0.0 -0.194973  0.000000  0.0  0.000000  0.0  0.0  0.0
(0, 1, 0, 0, 3, 0)  0.0  0.0  0.000000  0.000000  0.0 -0.256877  0.0  0.0  0.0
(0, 2, 0, 0, 4, 0)  0.0  0.0  0.000000  0.000000  0.0  0.000000  0.0  0.0  0.0
FEs:450:                       0    1         2         3    4         5    6    7    8
(0, 0, 0, 0, 0, 0)  0.0  0.0 -0.160032 -0.225175  0.0  0.000000  0.0  0.0  0.0
(0, 1, 0, 0, 0, 1)  0.0  0.0  0.000000 -0.285630  0.0  0.000000  0.0  0.0  0.0
(1, 0, 0, 0, 1, 0)  0.0  0.0  0.000000  0.000000  0.0 -0.205565  0.0  0.0  0.0
(2, 0, 0, 0, 2, 0)  0.0  0.0 -0.194973  0.000000  0.0  0.000000  0.0  0.0  0.0
(0, 1, 0, 0, 3, 0)  0.0  0.0  0.000000  0.000000  0.0 -0.256877  0.0  0.0  0.0
(0, 2, 0, 0, 4, 0)  0.0  0.0  0.000000  0.000000  0.0 -0.148858  0.0  0.0  0.0
(0, 3, 0, 0, 0, 1)  0.0  0.0  0.000000  0.000000  0.0  0.000000  0.0  0.0  0.0
