FEs:100: Empty DataFrame
Columns: [0, 1, 2, 3, 4, 5, 6, 7, 8]
Index: []
FEs:150:                       0    1    2    3    4    5    6         7    8
(0, 0, 0, 0, 0, 0)  0.0  0.0  0.0  0.0  0.0  0.0  0.0 -0.120743  0.0
FEs:200:                       0    1    2    3         4    5    6         7    8
(0, 0, 0, 0, 0, 0)  0.0  0.0  0.0  0.0 -0.783371  0.0  0.0 -0.120743  0.0
(0, 1, 0, 0, 0, 1)  0.0  0.0  0.0  0.0  0.000000  0.0  0.0  0.000000  0.0
FEs:250:                       0    1    2    3         4    5    6         7         8
(0, 0, 0, 0, 0, 0)  0.0  0.0  0.0  0.0 -0.783371  0.0  0.0 -0.120743  0.000000
(0, 1, 0, 0, 0, 1)  0.0  0.0  0.0  0.0  0.000000  0.0  0.0  0.000000 -1.015736
(1, 0, 0, 0, 1, 0)  0.0  0.0  0.0  0.0  0.000000  0.0  0.0  0.000000  0.000000
FEs:300:                       0    1    2    3         4    5    6         7         8
(0, 0, 0, 0, 0, 0)  0.0  0.0  0.0  0.0 -0.783371  0.0  0.0 -0.120743  0.000000
(0, 1, 0, 0, 0, 1)  0.0  0.0  0.0  0.0  0.000000  0.0  0.0  0.000000 -1.015736
(1, 0, 0, 0, 1, 0)  0.0  0.0  0.0  0.0  0.000000  0.0  0.0 -0.245707  0.000000
(2, 0, 0, 0, 2, 0)  0.0  0.0  0.0  0.0  0.000000  0.0  0.0  0.000000  0.000000
FEs:350:                       0    1    2         3         4    5    6         7  \
(0, 0, 0, 0, 0, 0)  0.0  0.0  0.0  0.000000 -0.783371  0.0  0.0 -0.120743   
(0, 1, 0, 0, 0, 1)  0.0  0.0  0.0  0.000000  0.000000  0.0  0.0  0.000000   
(1, 0, 0, 0, 1, 0)  0.0  0.0  0.0  0.000000  0.000000  0.0  0.0 -0.245707   
(2, 0, 0, 0, 2, 0)  0.0  0.0  0.0 -0.240646  0.000000  0.0  0.0  0.000000   
(0, 1, 0, 0, 3, 0)  0.0  0.0  0.0  0.000000  0.000000  0.0  0.0  0.000000   

                           8  
(0, 0, 0, 0, 0, 0)  0.000000  
(0, 1, 0, 0, 0, 1) -1.015736  
(1, 0, 0, 0, 1, 0)  0.000000  
(2, 0, 0, 0, 2, 0)  0.000000  
(0, 1, 0, 0, 3, 0)  0.000000  
FEs:400:                       0    1    2         3         4    5    6         7  \
(0, 0, 0, 0, 0, 0)  0.0  0.0  0.0  0.000000 -0.783371  0.0  0.0 -0.120743   
(0, 1, 0, 0, 0, 1)  0.0  0.0  0.0  0.000000  0.000000  0.0  0.0  0.000000   
(1, 0, 0, 0, 1, 0)  0.0  0.0  0.0  0.000000  0.000000  0.0  0.0 -0.245707   
(2, 0, 0, 0, 2, 0)  0.0  0.0  0.0 -0.240646  0.000000  0.0  0.0  0.000000   
(0, 1, 0, 0, 3, 0)  0.0  0.0  0.0  0.000000 -0.187444  0.0  0.0  0.000000   
(0, 2, 0, 0, 4, 0)  0.0  0.0  0.0  0.000000  0.000000  0.0  0.0  0.000000   

                           8  
(0, 0, 0, 0, 0, 0)  0.000000  
(0, 1, 0, 0, 0, 1) -1.015736  
(1, 0, 0, 0, 1, 0)  0.000000  
(2, 0, 0, 0, 2, 0)  0.000000  
(0, 1, 0, 0, 3, 0)  0.000000  
(0, 2, 0, 0, 4, 0)  0.000000  
FEs:450:                       0    1    2         3         4    5    6         7  \
(0, 0, 0, 0, 0, 0)  0.0  0.0  0.0  0.000000 -0.783371  0.0  0.0 -0.120743   
(0, 1, 0, 0, 0, 1)  0.0  0.0  0.0  0.000000  0.000000  0.0  0.0  0.000000   
(1, 0, 0, 0, 1, 0)  0.0  0.0  0.0  0.000000  0.000000  0.0  0.0 -0.245707   
(2, 0, 0, 0, 2, 0)  0.0  0.0  0.0 -0.240646  0.000000  0.0  0.0  0.000000   
(0, 1, 0, 0, 3, 0)  0.0  0.0  0.0  0.000000 -0.187444  0.0  0.0  0.000000   
(0, 2, 0, 0, 4, 0)  0.0  0.0  0.0  0.000000 -0.720160  0.0  0.0  0.000000   
(0, 3, 0, 0, 0, 1)  0.0  0.0  0.0  0.000000  0.000000  0.0  0.0  0.000000   

                           8  
(0, 0, 0, 0, 0, 0)  0.000000  
(0, 1, 0, 0, 0, 1) -1.015736  
(1, 0, 0, 0, 1, 0)  0.000000  
(2, 0, 0, 0, 2, 0)  0.000000  
(0, 1, 0, 0, 3, 0)  0.000000  
(0, 2, 0, 0, 4, 0)  0.000000  
(0, 3, 0, 0, 0, 1)  0.000000  
FEs:500:                       0    1    2         3         4         5    6  \
(0, 0, 0, 0, 0, 0)  0.0  0.0  0.0  0.000000 -0.783371  0.000000  0.0   
(0, 1, 0, 0, 0, 1)  0.0  0.0  0.0  0.000000  0.000000  0.000000  0.0   
(1, 0, 0, 0, 1, 0)  0.0  0.0  0.0  0.000000  0.000000  0.000000  0.0   
(2, 0, 0, 0, 2, 0)  0.0  0.0  0.0 -0.240646  0.000000  0.000000  0.0   
(0, 1, 0, 0, 3, 0)  0.0  0.0  0.0  0.000000 -0.187444  0.000000  0.0   
(0, 2, 0, 0, 4, 0)  0.0  0.0  0.0  0.000000 -0.720160  0.000000  0.0   
(0, 3, 0, 0, 0, 1)  0.0  0.0  0.0  0.000000  0.000000 -0.490777  0.0   
(0, 4, 0, 0, 0, 2)  0.0  0.0  0.0  0.000000  0.000000  0.000000  0.0   

                           7         8  
(0, 0, 0, 0, 0, 0) -0.120743  0.000000  
(0, 1, 0, 0, 0, 1)  0.000000 -1.015736  
(1, 0, 0, 0, 1, 0) -0.245707  0.000000  
(2, 0, 0, 0, 2, 0)  0.000000  0.000000  
(0, 1, 0, 0, 3, 0)  0.000000  0.000000  
(0, 2, 0, 0, 4, 0)  0.000000  0.000000  
(0, 3, 0, 0, 0, 1)  0.000000  0.000000  
(0, 4, 0, 0, 0, 2)  0.000000  0.000000  
FEs:550:                       0    1    2         3         4         5    6  \
(0, 0, 0, 0, 0, 0)  0.0  0.0  0.0  0.000000 -0.783371  0.000000  0.0   
(0, 1, 0, 0, 0, 1)  0.0  0.0  0.0  0.000000  0.000000  0.000000  0.0   
(1, 0, 0, 0, 1, 0)  0.0  0.0  0.0  0.000000  0.000000  0.000000  0.0   
(2, 0, 0, 0, 2, 0)  0.0  0.0  0.0 -0.240646  0.000000  0.000000  0.0   
(0, 1, 0, 0, 3, 0)  0.0  0.0  0.0  0.000000 -0.187444  0.000000  0.0   
(0, 2, 0, 0, 4, 0)  0.0  0.0  0.0  0.000000 -0.720160  0.000000  0.0   
(0, 3, 0, 0, 0, 1)  0.0  0.0  0.0  0.000000  0.000000 -0.490777  0.0   
(0, 4, 0, 0, 0, 2)  0.0  0.0  0.0 -0.616653  0.000000  0.000000  0.0   
(0, 5, 0, 0, 1, 0)  0.0  0.0  0.0  0.000000  0.000000  0.000000  0.0   

                           7         8  
(0, 0, 0, 0, 0, 0) -0.120743  0.000000  
(0, 1, 0, 0, 0, 1)  0.000000 -1.015736  
(1, 0, 0, 0, 1, 0) -0.245707  0.000000  
(2, 0, 0, 0, 2, 0)  0.000000  0.000000  
(0, 1, 0, 0, 3, 0)  0.000000  0.000000  
(0, 2, 0, 0, 4, 0)  0.000000  0.000000  
(0, 3, 0, 0, 0, 1)  0.000000  0.000000  
(0, 4, 0, 0, 0, 2)  0.000000  0.000000  
(0, 5, 0, 0, 1, 0)  0.000000  0.000000  
FEs:600:                       0    1    2         3         4         5    6  \
(0, 0, 0, 0, 0, 0)  0.0  0.0  0.0  0.000000 -0.783371  0.000000  0.0   
(0, 1, 0, 0, 0, 1)  0.0  0.0  0.0  0.000000  0.000000  0.000000  0.0   
(1, 0, 0, 0, 1, 0)  0.0  0.0  0.0  0.000000  0.000000  0.000000  0.0   
(2, 0, 0, 0, 2, 0)  0.0  0.0  0.0 -0.240646  0.000000  0.000000  0.0   
(0, 1, 0, 0, 3, 0)  0.0  0.0  0.0  0.000000 -0.187444  0.000000  0.0   
(0, 2, 0, 0, 4, 0)  0.0  0.0  0.0  0.000000 -0.720160  0.000000  0.0   
(0, 3, 0, 0, 0, 1)  0.0  0.0  0.0  0.000000  0.000000 -0.490777  0.0   
(0, 4, 0, 0, 0, 2)  0.0  0.0  0.0 -0.616653  0.000000  0.000000  0.0   
(0, 5, 0, 0, 1, 0)  0.0  0.0  0.0  0.000000  0.000000 -0.496483  0.0   
(0, 6, 0, 0, 0, 1)  0.0  0.0  0.0  0.000000  0.000000  0.000000  0.0   

                           7         8  
(0, 0, 0, 0, 0, 0) -0.120743  0.000000  
(0, 1, 0, 0, 0, 1)  0.000000 -1.015736  
(1, 0, 0, 0, 1, 0) -0.245707  0.000000  
(2, 0, 0, 0, 2, 0)  0.000000  0.000000  
(0, 1, 0, 0, 3, 0)  0.000000  0.000000  
(0, 2, 0, 0, 4, 0)  0.000000  0.000000  
(0, 3, 0, 0, 0, 1)  0.000000  0.000000  
(0, 4, 0, 0, 0, 2)  0.000000  0.000000  
(0, 5, 0, 0, 1, 0)  0.000000  0.000000  
(0, 6, 0, 0, 0, 1)  0.000000  0.000000  
FEs:650:                       0    1         2         3         4         5    6  \
(0, 0, 0, 0, 0, 0)  0.0  0.0  0.000000  0.000000 -0.783371  0.000000  0.0   
(0, 1, 0, 0, 0, 1)  0.0  0.0  0.000000  0.000000  0.000000  0.000000  0.0   
(1, 0, 0, 0, 1, 0)  0.0  0.0  0.000000  0.000000  0.000000  0.000000  0.0   
(2, 0, 0, 0, 2, 0)  0.0  0.0  0.000000 -0.240646  0.000000  0.000000  0.0   
(0, 1, 0, 0, 3, 0)  0.0  0.0  0.000000  0.000000 -0.187444  0.000000  0.0   
(0, 2, 0, 0, 4, 0)  0.0  0.0  0.000000  0.000000 -0.720160  0.000000  0.0   
(0, 3, 0, 0, 0, 1)  0.0  0.0  0.000000  0.000000  0.000000 -0.490777  0.0   
(0, 4, 0, 0, 0, 2)  0.0  0.0  0.000000 -0.616653  0.000000  0.000000  0.0   
(0, 5, 0, 0, 1, 0)  0.0  0.0  0.000000  0.000000  0.000000 -0.496483  0.0   
(0, 6, 0, 0, 0, 1)  0.0  0.0 -0.408985  0.000000  0.000000  0.000000  0.0   
(0, 7, 0, 0, 1, 0)  0.0  0.0  0.000000  0.000000  0.000000  0.000000  0.0   

                           7         8  
(0, 0, 0, 0, 0, 0) -0.120743  0.000000  
(0, 1, 0, 0, 0, 1)  0.000000 -1.015736  
(1, 0, 0, 0, 1, 0) -0.245707  0.000000  
(2, 0, 0, 0, 2, 0)  0.000000  0.000000  
(0, 1, 0, 0, 3, 0)  0.000000  0.000000  
(0, 2, 0, 0, 4, 0)  0.000000  0.000000  
(0, 3, 0, 0, 0, 1)  0.000000  0.000000  
(0, 4, 0, 0, 0, 2)  0.000000  0.000000  
(0, 5, 0, 0, 1, 0)  0.000000  0.000000  
(0, 6, 0, 0, 0, 1)  0.000000  0.000000  
(0, 7, 0, 0, 1, 0)  0.000000  0.000000  
FEs:700:                       0    1         2         3         4         5    6  \
(0, 0, 0, 0, 0, 0)  0.0  0.0  0.000000  0.000000 -0.783371  0.000000  0.0   
(0, 1, 0, 0, 0, 1)  0.0  0.0  0.000000  0.000000  0.000000  0.000000  0.0   
(1, 0, 0, 0, 1, 0)  0.0  0.0  0.000000  0.000000  0.000000  0.000000  0.0   
(2, 0, 0, 0, 2, 0)  0.0  0.0  0.000000 -0.240646  0.000000  0.000000  0.0   
(0, 1, 0, 0, 3, 0)  0.0  0.0  0.000000  0.000000 -0.187444  0.000000  0.0   
(0, 2, 0, 0, 4, 0)  0.0  0.0  0.000000  0.000000 -0.720160  0.000000  0.0   
(0, 3, 0, 0, 0, 1)  0.0  0.0  0.000000  0.000000  0.000000 -0.490777  0.0   
(0, 4, 0, 0, 0, 2)  0.0  0.0  0.000000 -0.616653  0.000000  0.000000  0.0   
(0, 5, 0, 0, 1, 0)  0.0  0.0  0.000000  0.000000  0.000000 -0.496483  0.0   
(0, 6, 0, 0, 0, 1)  0.0  0.0 -0.408985  0.000000  0.000000  0.000000  0.0   
(0, 7, 0, 0, 1, 0)  0.0  0.0 -0.465320  0.000000  0.000000  0.000000  0.0   
(0, 8, 0, 0, 0, 1)  0.0  0.0  0.000000  0.000000  0.000000  0.000000  0.0   

                           7         8  
(0, 0, 0, 0, 0, 0) -0.120743  0.000000  
(0, 1, 0, 0, 0, 1)  0.000000 -1.015736  
(1, 0, 0, 0, 1, 0) -0.245707  0.000000  
(2, 0, 0, 0, 2, 0)  0.000000  0.000000  
(0, 1, 0, 0, 3, 0)  0.000000  0.000000  
(0, 2, 0, 0, 4, 0)  0.000000  0.000000  
(0, 3, 0, 0, 0, 1)  0.000000  0.000000  
(0, 4, 0, 0, 0, 2)  0.000000  0.000000  
(0, 5, 0, 0, 1, 0)  0.000000  0.000000  
(0, 6, 0, 0, 0, 1)  0.000000  0.000000  
(0, 7, 0, 0, 1, 0)  0.000000  0.000000  
(0, 8, 0, 0, 0, 1)  0.000000  0.000000  
FEs:750:                       0    1         2         3         4         5  \
(0, 0, 0, 0, 0, 0)  0.0  0.0  0.000000  0.000000 -0.783371  0.000000   
(0, 1, 0, 0, 0, 1)  0.0  0.0  0.000000  0.000000  0.000000  0.000000   
(1, 0, 0, 0, 1, 0)  0.0  0.0  0.000000  0.000000  0.000000  0.000000   
(2, 0, 0, 0, 2, 0)  0.0  0.0  0.000000 -0.240646  0.000000  0.000000   
(0, 1, 0, 0, 3, 0)  0.0  0.0  0.000000  0.000000 -0.187444  0.000000   
(0, 2, 0, 0, 4, 0)  0.0  0.0  0.000000  0.000000 -0.720160  0.000000   
(0, 3, 0, 0, 0, 1)  0.0  0.0  0.000000  0.000000  0.000000 -0.490777   
(0, 4, 0, 0, 0, 2)  0.0  0.0  0.000000 -0.616653  0.000000  0.000000   
(0, 5, 0, 0, 1, 0)  0.0  0.0  0.000000  0.000000  0.000000 -0.496483   
(0, 6, 0, 0, 0, 1)  0.0  0.0 -0.408985  0.000000  0.000000  0.000000   
(0, 7, 0, 0, 1, 0)  0.0  0.0 -0.465320  0.000000  0.000000  0.000000   
(0, 8, 0, 0, 0, 1)  0.0  0.0  0.000000  0.000000  0.000000  0.000000   
(0, 9, 0, 0, 0, 2)  0.0  0.0  0.000000  0.000000  0.000000  0.000000   

                           6         7         8  
(0, 0, 0, 0, 0, 0)  0.000000 -0.120743  0.000000  
(0, 1, 0, 0, 0, 1)  0.000000  0.000000 -1.015736  
(1, 0, 0, 0, 1, 0)  0.000000 -0.245707  0.000000  
(2, 0, 0, 0, 2, 0)  0.000000  0.000000  0.000000  
(0, 1, 0, 0, 3, 0)  0.000000  0.000000  0.000000  
(0, 2, 0, 0, 4, 0)  0.000000  0.000000  0.000000  
(0, 3, 0, 0, 0, 1)  0.000000  0.000000  0.000000  
(0, 4, 0, 0, 0, 2)  0.000000  0.000000  0.000000  
(0, 5, 0, 0, 1, 0)  0.000000  0.000000  0.000000  
(0, 6, 0, 0, 0, 1)  0.000000  0.000000  0.000000  
(0, 7, 0, 0, 1, 0)  0.000000  0.000000  0.000000  
(0, 8, 0, 0, 0, 1) -0.314494  0.000000  0.000000  
(0, 9, 0, 0, 0, 2)  0.000000  0.000000  0.000000  
FEs:800:                        0    1         2         3         4         5  \
(0, 0, 0, 0, 0, 0)   0.0  0.0  0.000000  0.000000 -0.783371  0.000000   
(0, 1, 0, 0, 0, 1)   0.0  0.0  0.000000  0.000000  0.000000  0.000000   
(1, 0, 0, 0, 1, 0)   0.0  0.0  0.000000  0.000000  0.000000  0.000000   
(2, 0, 0, 0, 2, 0)   0.0  0.0  0.000000 -0.240646  0.000000  0.000000   
(0, 1, 0, 0, 3, 0)   0.0  0.0  0.000000  0.000000 -0.187444  0.000000   
(0, 2, 0, 0, 4, 0)   0.0  0.0  0.000000  0.000000 -0.720160  0.000000   
(0, 3, 0, 0, 0, 1)   0.0  0.0  0.000000  0.000000  0.000000 -0.490777   
(0, 4, 0, 0, 0, 2)   0.0  0.0  0.000000 -0.616653  0.000000  0.000000   
(0, 5, 0, 0, 1, 0)   0.0  0.0  0.000000  0.000000  0.000000 -0.496483   
(0, 6, 0, 0, 0, 1)   0.0  0.0 -0.408985  0.000000  0.000000  0.000000   
(0, 7, 0, 0, 1, 0)   0.0  0.0 -0.465320  0.000000  0.000000  0.000000   
(0, 8, 0, 0, 0, 1)   0.0  0.0  0.000000  0.000000  0.000000  0.000000   
(0, 9, 0, 0, 0, 2)   0.0  0.0  0.000000  0.000000 -0.316770  0.000000   
(0, 10, 0, 0, 0, 3)  0.0  0.0  0.000000  0.000000  0.000000  0.000000   

                            6         7         8  
(0, 0, 0, 0, 0, 0)   0.000000 -0.120743  0.000000  
(0, 1, 0, 0, 0, 1)   0.000000  0.000000 -1.015736  
(1, 0, 0, 0, 1, 0)   0.000000 -0.245707  0.000000  
(2, 0, 0, 0, 2, 0)   0.000000  0.000000  0.000000  
(0, 1, 0, 0, 3, 0)   0.000000  0.000000  0.000000  
(0, 2, 0, 0, 4, 0)   0.000000  0.000000  0.000000  
(0, 3, 0, 0, 0, 1)   0.000000  0.000000  0.000000  
(0, 4, 0, 0, 0, 2)   0.000000  0.000000  0.000000  
(0, 5, 0, 0, 1, 0)   0.000000  0.000000  0.000000  
(0, 6, 0, 0, 0, 1)   0.000000  0.000000  0.000000  
(0, 7, 0, 0, 1, 0)   0.000000  0.000000  0.000000  
(0, 8, 0, 0, 0, 1)  -0.314494  0.000000  0.000000  
(0, 9, 0, 0, 0, 2)   0.000000  0.000000  0.000000  
(0, 10, 0, 0, 0, 3)  0.000000  0.000000  0.000000  
FEs:850:                        0    1         2         3         4         5  \
(0, 0, 0, 0, 0, 0)   0.0  0.0  0.000000  0.000000 -0.783371  0.000000   
(0, 1, 0, 0, 0, 1)   0.0  0.0  0.000000  0.000000  0.000000  0.000000   
(1, 0, 0, 0, 1, 0)   0.0  0.0  0.000000  0.000000  0.000000  0.000000   
(2, 0, 0, 0, 2, 0)   0.0  0.0  0.000000 -0.240646  0.000000  0.000000   
(0, 1, 0, 0, 3, 0)   0.0  0.0  0.000000  0.000000 -0.187444  0.000000   
(0, 2, 0, 0, 4, 0)   0.0  0.0  0.000000  0.000000 -0.720160  0.000000   
(0, 3, 0, 0, 0, 1)   0.0  0.0  0.000000  0.000000  0.000000 -0.490777   
(0, 4, 0, 0, 0, 2)   0.0  0.0  0.000000 -0.616653  0.000000  0.000000   
(0, 5, 0, 0, 1, 0)   0.0  0.0  0.000000  0.000000  0.000000 -0.496483   
(0, 6, 0, 0, 0, 1)   0.0  0.0 -0.408985  0.000000  0.000000  0.000000   
(0, 7, 0, 0, 1, 0)   0.0  0.0 -0.465320  0.000000  0.000000  0.000000   
(0, 8, 0, 0, 0, 1)   0.0  0.0  0.000000  0.000000  0.000000  0.000000   
(0, 9, 0, 0, 0, 2)   0.0  0.0  0.000000  0.000000 -0.316770  0.000000   
(0, 10, 0, 0, 0, 3)  0.0  0.0 -0.297237  0.000000  0.000000  0.000000   
(0, 11, 0, 0, 0, 4)  0.0  0.0  0.000000  0.000000  0.000000  0.000000   

                            6         7         8  
(0, 0, 0, 0, 0, 0)   0.000000 -0.120743  0.000000  
(0, 1, 0, 0, 0, 1)   0.000000  0.000000 -1.015736  
(1, 0, 0, 0, 1, 0)   0.000000 -0.245707  0.000000  
(2, 0, 0, 0, 2, 0)   0.000000  0.000000  0.000000  
(0, 1, 0, 0, 3, 0)   0.000000  0.000000  0.000000  
(0, 2, 0, 0, 4, 0)   0.000000  0.000000  0.000000  
(0, 3, 0, 0, 0, 1)   0.000000  0.000000  0.000000  
(0, 4, 0, 0, 0, 2)   0.000000  0.000000  0.000000  
(0, 5, 0, 0, 1, 0)   0.000000  0.000000  0.000000  
(0, 6, 0, 0, 0, 1)   0.000000  0.000000  0.000000  
(0, 7, 0, 0, 1, 0)   0.000000  0.000000  0.000000  
(0, 8, 0, 0, 0, 1)  -0.314494  0.000000  0.000000  
(0, 9, 0, 0, 0, 2)   0.000000  0.000000  0.000000  
(0, 10, 0, 0, 0, 3)  0.000000  0.000000  0.000000  
(0, 11, 0, 0, 0, 4)  0.000000  0.000000  0.000000  
FEs:900:                        0    1         2         3         4         5  \
(0, 0, 0, 0, 0, 0)   0.0  0.0  0.000000  0.000000 -0.783371  0.000000   
(0, 1, 0, 0, 0, 1)   0.0  0.0  0.000000  0.000000  0.000000  0.000000   
(1, 0, 0, 0, 1, 0)   0.0  0.0  0.000000  0.000000  0.000000  0.000000   
(2, 0, 0, 0, 2, 0)   0.0  0.0  0.000000 -0.240646  0.000000  0.000000   
(0, 1, 0, 0, 3, 0)   0.0  0.0  0.000000  0.000000 -0.187444  0.000000   
(0, 2, 0, 0, 4, 0)   0.0  0.0  0.000000  0.000000 -0.720160  0.000000   
(0, 3, 0, 0, 0, 1)   0.0  0.0  0.000000  0.000000  0.000000 -0.490777   
(0, 4, 0, 0, 0, 2)   0.0  0.0  0.000000 -0.616653  0.000000  0.000000   
(0, 5, 0, 0, 1, 0)   0.0  0.0  0.000000  0.000000  0.000000 -0.496483   
(0, 6, 0, 0, 0, 1)   0.0  0.0 -0.408985  0.000000  0.000000  0.000000   
(0, 7, 0, 0, 1, 0)   0.0  0.0 -0.465320  0.000000  0.000000  0.000000   
(0, 8, 0, 0, 0, 1)   0.0  0.0  0.000000  0.000000  0.000000  0.000000   
(0, 9, 0, 0, 0, 2)   0.0  0.0  0.000000  0.000000 -0.316770  0.000000   
(0, 10, 0, 0, 0, 3)  0.0  0.0 -0.297237  0.000000  0.000000  0.000000   
(0, 11, 0, 0, 0, 4)  0.0  0.0  0.000000  0.000000  0.000000  0.000000   
(0, 12, 0, 0, 1, 0)  0.0  0.0  0.000000  0.000000  0.000000  0.000000   

                            6         7         8  
(0, 0, 0, 0, 0, 0)   0.000000 -0.120743  0.000000  
(0, 1, 0, 0, 0, 1)   0.000000  0.000000 -1.015736  
(1, 0, 0, 0, 1, 0)   0.000000 -0.245707  0.000000  
(2, 0, 0, 0, 2, 0)   0.000000  0.000000  0.000000  
(0, 1, 0, 0, 3, 0)   0.000000  0.000000  0.000000  
(0, 2, 0, 0, 4, 0)   0.000000  0.000000  0.000000  
(0, 3, 0, 0, 0, 1)   0.000000  0.000000  0.000000  
(0, 4, 0, 0, 0, 2)   0.000000  0.000000  0.000000  
(0, 5, 0, 0, 1, 0)   0.000000  0.000000  0.000000  
(0, 6, 0, 0, 0, 1)   0.000000  0.000000  0.000000  
(0, 7, 0, 0, 1, 0)   0.000000  0.000000  0.000000  
(0, 8, 0, 0, 0, 1)  -0.314494  0.000000  0.000000  
(0, 9, 0, 0, 0, 2)   0.000000  0.000000  0.000000  
(0, 10, 0, 0, 0, 3)  0.000000  0.000000  0.000000  
(0, 11, 0, 0, 0, 4) -0.559384  0.000000  0.000000  
(0, 12, 0, 0, 1, 0)  0.000000  0.000000  0.000000  
FEs:950:                        0    1         2         3         4         5  \
(0, 0, 0, 0, 0, 0)   0.0  0.0  0.000000  0.000000 -0.783371  0.000000   
(0, 1, 0, 0, 0, 1)   0.0  0.0  0.000000  0.000000  0.000000  0.000000   
(1, 0, 0, 0, 1, 0)   0.0  0.0  0.000000  0.000000  0.000000  0.000000   
(2, 0, 0, 0, 2, 0)   0.0  0.0  0.000000 -0.240646  0.000000  0.000000   
(0, 1, 0, 0, 3, 0)   0.0  0.0  0.000000  0.000000 -0.187444  0.000000   
(0, 2, 0, 0, 4, 0)   0.0  0.0  0.000000  0.000000 -0.720160  0.000000   
(0, 3, 0, 0, 0, 1)   0.0  0.0  0.000000  0.000000  0.000000 -0.490777   
(0, 4, 0, 0, 0, 2)   0.0  0.0  0.000000 -0.616653  0.000000  0.000000   
(0, 5, 0, 0, 1, 0)   0.0  0.0  0.000000  0.000000  0.000000 -0.496483   
(0, 6, 0, 0, 0, 1)   0.0  0.0 -0.408985  0.000000  0.000000  0.000000   
(0, 7, 0, 0, 1, 0)   0.0  0.0 -0.465320  0.000000  0.000000  0.000000   
(0, 8, 0, 0, 0, 1)   0.0  0.0  0.000000  0.000000  0.000000  0.000000   
(0, 9, 0, 0, 0, 2)   0.0  0.0  0.000000  0.000000 -0.316770  0.000000   
(0, 10, 0, 0, 0, 3)  0.0  0.0 -0.297237  0.000000  0.000000  0.000000   
(0, 11, 0, 0, 0, 4)  0.0  0.0  0.000000  0.000000  0.000000  0.000000   
(0, 12, 0, 0, 1, 0)  0.0  0.0 -0.374302  0.000000  0.000000  0.000000   
(0, 13, 0, 0, 0, 1)  0.0  0.0  0.000000  0.000000  0.000000  0.000000   

                            6         7         8  
(0, 0, 0, 0, 0, 0)   0.000000 -0.120743  0.000000  
(0, 1, 0, 0, 0, 1)   0.000000  0.000000 -1.015736  
(1, 0, 0, 0, 1, 0)   0.000000 -0.245707  0.000000  
(2, 0, 0, 0, 2, 0)   0.000000  0.000000  0.000000  
(0, 1, 0, 0, 3, 0)   0.000000  0.000000  0.000000  
(0, 2, 0, 0, 4, 0)   0.000000  0.000000  0.000000  
(0, 3, 0, 0, 0, 1)   0.000000  0.000000  0.000000  
(0, 4, 0, 0, 0, 2)   0.000000  0.000000  0.000000  
(0, 5, 0, 0, 1, 0)   0.000000  0.000000  0.000000  
(0, 6, 0, 0, 0, 1)   0.000000  0.000000  0.000000  
(0, 7, 0, 0, 1, 0)   0.000000  0.000000  0.000000  
(0, 8, 0, 0, 0, 1)  -0.314494  0.000000  0.000000  
(0, 9, 0, 0, 0, 2)   0.000000  0.000000  0.000000  
(0, 10, 0, 0, 0, 3)  0.000000  0.000000  0.000000  
(0, 11, 0, 0, 0, 4) -0.559384  0.000000  0.000000  
(0, 12, 0, 0, 1, 0)  0.000000  0.000000  0.000000  
(0, 13, 0, 0, 0, 1)  0.000000  0.000000  0.000000  
FEs:1000:                        0    1         2         3         4         5  \
(0, 0, 0, 0, 0, 0)   0.0  0.0  0.000000  0.000000 -0.783371  0.000000   
(0, 1, 0, 0, 0, 1)   0.0  0.0  0.000000  0.000000  0.000000  0.000000   
(1, 0, 0, 0, 1, 0)   0.0  0.0  0.000000  0.000000  0.000000  0.000000   
(2, 0, 0, 0, 2, 0)   0.0  0.0  0.000000 -0.240646  0.000000  0.000000   
(0, 1, 0, 0, 3, 0)   0.0  0.0  0.000000  0.000000 -0.187444  0.000000   
(0, 2, 0, 0, 4, 0)   0.0  0.0  0.000000  0.000000 -0.720160  0.000000   
(0, 3, 0, 0, 0, 1)   0.0  0.0  0.000000  0.000000  0.000000 -0.490777   
(0, 4, 0, 0, 0, 2)   0.0  0.0  0.000000 -0.616653  0.000000  0.000000   
(0, 5, 0, 0, 1, 0)   0.0  0.0  0.000000  0.000000  0.000000 -0.496483   
(0, 6, 0, 0, 0, 1)   0.0  0.0 -0.408985  0.000000  0.000000  0.000000   
(0, 7, 0, 0, 1, 0)   0.0  0.0 -0.465320  0.000000  0.000000  0.000000   
(0, 8, 0, 0, 0, 1)   0.0  0.0  0.000000  0.000000  0.000000  0.000000   
(0, 9, 0, 0, 0, 2)   0.0  0.0  0.000000  0.000000 -0.316770  0.000000   
(0, 10, 0, 0, 0, 3)  0.0  0.0 -0.297237  0.000000  0.000000  0.000000   
(0, 11, 0, 0, 0, 4)  0.0  0.0  0.000000  0.000000  0.000000  0.000000   
(0, 12, 0, 0, 1, 0)  0.0  0.0 -0.374302  0.000000  0.000000  0.000000   
(0, 13, 0, 0, 0, 1)  0.0  0.0  0.000000 -0.349201  0.000000  0.000000   
(0, 14, 0, 0, 0, 2)  0.0  0.0  0.000000  0.000000  0.000000  0.000000   

                            6         7         8  
(0, 0, 0, 0, 0, 0)   0.000000 -0.120743  0.000000  
(0, 1, 0, 0, 0, 1)   0.000000  0.000000 -1.015736  
(1, 0, 0, 0, 1, 0)   0.000000 -0.245707  0.000000  
(2, 0, 0, 0, 2, 0)   0.000000  0.000000  0.000000  
(0, 1, 0, 0, 3, 0)   0.000000  0.000000  0.000000  
(0, 2, 0, 0, 4, 0)   0.000000  0.000000  0.000000  
(0, 3, 0, 0, 0, 1)   0.000000  0.000000  0.000000  
(0, 4, 0, 0, 0, 2)   0.000000  0.000000  0.000000  
(0, 5, 0, 0, 1, 0)   0.000000  0.000000  0.000000  
(0, 6, 0, 0, 0, 1)   0.000000  0.000000  0.000000  
(0, 7, 0, 0, 1, 0)   0.000000  0.000000  0.000000  
(0, 8, 0, 0, 0, 1)  -0.314494  0.000000  0.000000  
(0, 9, 0, 0, 0, 2)   0.000000  0.000000  0.000000  
(0, 10, 0, 0, 0, 3)  0.000000  0.000000  0.000000  
(0, 11, 0, 0, 0, 4) -0.559384  0.000000  0.000000  
(0, 12, 0, 0, 1, 0)  0.000000  0.000000  0.000000  
(0, 13, 0, 0, 0, 1)  0.000000  0.000000  0.000000  
(0, 14, 0, 0, 0, 2)  0.000000  0.000000  0.000000  
FEs:1050:                        0    1         2         3         4         5  \
(0, 0, 0, 0, 0, 0)   0.0  0.0  0.000000  0.000000 -0.783371  0.000000   
(0, 1, 0, 0, 0, 1)   0.0  0.0  0.000000  0.000000  0.000000  0.000000   
(1, 0, 0, 0, 1, 0)   0.0  0.0  0.000000  0.000000  0.000000  0.000000   
(2, 0, 0, 0, 2, 0)   0.0  0.0  0.000000 -0.240646  0.000000  0.000000   
(0, 1, 0, 0, 3, 0)   0.0  0.0  0.000000  0.000000 -0.187444  0.000000   
(0, 2, 0, 0, 4, 0)   0.0  0.0  0.000000  0.000000 -0.720160  0.000000   
(0, 3, 0, 0, 0, 1)   0.0  0.0  0.000000  0.000000  0.000000 -0.490777   
(0, 4, 0, 0, 0, 2)   0.0  0.0  0.000000 -0.616653  0.000000  0.000000   
(0, 5, 0, 0, 1, 0)   0.0  0.0  0.000000  0.000000  0.000000 -0.496483   
(0, 6, 0, 0, 0, 1)   0.0  0.0 -0.408985  0.000000  0.000000  0.000000   
(0, 7, 0, 0, 1, 0)   0.0  0.0 -0.465320  0.000000  0.000000  0.000000   
(0, 8, 0, 0, 0, 1)   0.0  0.0  0.000000  0.000000  0.000000  0.000000   
(0, 9, 0, 0, 0, 2)   0.0  0.0  0.000000  0.000000 -0.316770  0.000000   
(0, 10, 0, 0, 0, 3)  0.0  0.0 -0.297237  0.000000  0.000000  0.000000   
(0, 11, 0, 0, 0, 4)  0.0  0.0  0.000000  0.000000  0.000000  0.000000   
(0, 12, 0, 0, 1, 0)  0.0  0.0 -0.374302  0.000000  0.000000  0.000000   
(0, 13, 0, 0, 0, 1)  0.0  0.0  0.000000 -0.349201  0.000000  0.000000   
(0, 14, 0, 0, 0, 2)  0.0  0.0  0.000000  0.000000  0.000000  0.000000   
(0, 15, 0, 0, 0, 3)  0.0  0.0  0.000000  0.000000  0.000000  0.000000   

                            6         7         8  
(0, 0, 0, 0, 0, 0)   0.000000 -0.120743  0.000000  
(0, 1, 0, 0, 0, 1)   0.000000  0.000000 -1.015736  
(1, 0, 0, 0, 1, 0)   0.000000 -0.245707  0.000000  
(2, 0, 0, 0, 2, 0)   0.000000  0.000000  0.000000  
(0, 1, 0, 0, 3, 0)   0.000000  0.000000  0.000000  
(0, 2, 0, 0, 4, 0)   0.000000  0.000000  0.000000  
(0, 3, 0, 0, 0, 1)   0.000000  0.000000  0.000000  
(0, 4, 0, 0, 0, 2)   0.000000  0.000000  0.000000  
(0, 5, 0, 0, 1, 0)   0.000000  0.000000  0.000000  
(0, 6, 0, 0, 0, 1)   0.000000  0.000000  0.000000  
(0, 7, 0, 0, 1, 0)   0.000000  0.000000  0.000000  
(0, 8, 0, 0, 0, 1)  -0.314494  0.000000  0.000000  
(0, 9, 0, 0, 0, 2)   0.000000  0.000000  0.000000  
(0, 10, 0, 0, 0, 3)  0.000000  0.000000  0.000000  
(0, 11, 0, 0, 0, 4) -0.559384  0.000000  0.000000  
(0, 12, 0, 0, 1, 0)  0.000000  0.000000  0.000000  
(0, 13, 0, 0, 0, 1)  0.000000  0.000000  0.000000  
(0, 14, 0, 0, 0, 2) -0.486529  0.000000  0.000000  
(0, 15, 0, 0, 0, 3)  0.000000  0.000000  0.000000  
