FEs:100: Empty DataFrame
Columns: [0, 1, 2, 3, 4, 5, 6, 7, 8]
Index: []
FEs:150:                       0    1    2    3    4    5         6    7    8
(0, 0, 0, 0, 0, 0)  0.0  0.0  0.0  0.0  0.0  0.0 -0.104551  0.0  0.0
FEs:200:                       0    1         2    3    4    5         6    7    8
(0, 0, 0, 0, 0, 0)  0.0  0.0 -0.151408  0.0  0.0  0.0 -0.104551  0.0  0.0
(0, 1, 0, 0, 0, 1)  0.0  0.0  0.000000  0.0  0.0  0.0  0.000000  0.0  0.0
FEs:250:                       0    1         2    3    4    5         6    7         8
(0, 0, 0, 0, 0, 0)  0.0  0.0 -0.151408  0.0  0.0  0.0 -0.104551  0.0  0.000000
(0, 1, 0, 0, 0, 1)  0.0  0.0  0.000000  0.0  0.0  0.0  0.000000  0.0 -0.140487
(1, 0, 0, 0, 1, 0)  0.0  0.0  0.000000  0.0  0.0  0.0  0.000000  0.0  0.000000
FEs:300:                       0    1         2         3    4    5         6    7  \
(0, 0, 0, 0, 0, 0)  0.0  0.0 -0.151408  0.000000  0.0  0.0 -0.104551  0.0   
(0, 1, 0, 0, 0, 1)  0.0  0.0  0.000000  0.000000  0.0  0.0  0.000000  0.0   
(1, 0, 0, 0, 1, 0)  0.0  0.0  0.000000 -0.204226  0.0  0.0  0.000000  0.0   
(2, 0, 0, 0, 2, 0)  0.0  0.0  0.000000  0.000000  0.0  0.0  0.000000  0.0   

                           8  
(0, 0, 0, 0, 0, 0)  0.000000  
(0, 1, 0, 0, 0, 1) -0.140487  
(1, 0, 0, 0, 1, 0)  0.000000  
(2, 0, 0, 0, 2, 0)  0.000000  
FEs:350:                       0    1         2         3         4    5         6  \
(0, 0, 0, 0, 0, 0)  0.0  0.0 -0.151408  0.000000  0.000000  0.0 -0.104551   
(0, 1, 0, 0, 0, 1)  0.0  0.0  0.000000  0.000000  0.000000  0.0  0.000000   
(1, 0, 0, 0, 1, 0)  0.0  0.0  0.000000 -0.204226  0.000000  0.0  0.000000   
(2, 0, 0, 0, 2, 0)  0.0  0.0  0.000000  0.000000 -0.690599  0.0  0.000000   
(0, 1, 0, 0, 3, 0)  0.0  0.0  0.000000  0.000000  0.000000  0.0  0.000000   

                      7         8  
(0, 0, 0, 0, 0, 0)  0.0  0.000000  
(0, 1, 0, 0, 0, 1)  0.0 -0.140487  
(1, 0, 0, 0, 1, 0)  0.0  0.000000  
(2, 0, 0, 0, 2, 0)  0.0  0.000000  
(0, 1, 0, 0, 3, 0)  0.0  0.000000  
FEs:400:                       0    1         2         3         4    5         6  \
(0, 0, 0, 0, 0, 0)  0.0  0.0 -0.151408  0.000000  0.000000  0.0 -0.104551   
(0, 1, 0, 0, 0, 1)  0.0  0.0  0.000000  0.000000  0.000000  0.0  0.000000   
(1, 0, 0, 0, 1, 0)  0.0  0.0  0.000000 -0.204226  0.000000  0.0  0.000000   
(2, 0, 0, 0, 2, 0)  0.0  0.0  0.000000  0.000000 -0.690599  0.0  0.000000   
(0, 1, 0, 0, 3, 0)  0.0  0.0  0.000000  0.000000 -0.184712  0.0  0.000000   
(0, 2, 0, 0, 4, 0)  0.0  0.0  0.000000  0.000000  0.000000  0.0  0.000000   

                      7         8  
(0, 0, 0, 0, 0, 0)  0.0  0.000000  
(0, 1, 0, 0, 0, 1)  0.0 -0.140487  
(1, 0, 0, 0, 1, 0)  0.0  0.000000  
(2, 0, 0, 0, 2, 0)  0.0  0.000000  
(0, 1, 0, 0, 3, 0)  0.0  0.000000  
(0, 2, 0, 0, 4, 0)  0.0  0.000000  
FEs:450:                       0    1         2         3         4    5         6  \
(0, 0, 0, 0, 0, 0)  0.0  0.0 -0.151408  0.000000  0.000000  0.0 -0.104551   
(0, 1, 0, 0, 0, 1)  0.0  0.0  0.000000  0.000000  0.000000  0.0  0.000000   
(1, 0, 0, 0, 1, 0)  0.0  0.0  0.000000 -0.204226  0.000000  0.0  0.000000   
(2, 0, 0, 0, 2, 0)  0.0  0.0  0.000000  0.000000 -0.690599  0.0  0.000000   
(0, 1, 0, 0, 3, 0)  0.0  0.0  0.000000  0.000000 -0.184712  0.0  0.000000   
(0, 2, 0, 0, 4, 0)  0.0  0.0  0.000000  0.000000  0.000000  0.0  0.000000   
(0, 3, 0, 0, 0, 1)  0.0  0.0  0.000000  0.000000  0.000000  0.0  0.000000   

                           7         8  
(0, 0, 0, 0, 0, 0)  0.000000  0.000000  
(0, 1, 0, 0, 0, 1)  0.000000 -0.140487  
(1, 0, 0, 0, 1, 0)  0.000000  0.000000  
(2, 0, 0, 0, 2, 0)  0.000000  0.000000  
(0, 1, 0, 0, 3, 0)  0.000000  0.000000  
(0, 2, 0, 0, 4, 0) -0.718954  0.000000  
(0, 3, 0, 0, 0, 1)  0.000000  0.000000  
FEs:500:                       0    1         2         3         4    5         6  \
(0, 0, 0, 0, 0, 0)  0.0  0.0 -0.151408  0.000000  0.000000  0.0 -0.104551   
(0, 1, 0, 0, 0, 1)  0.0  0.0  0.000000  0.000000  0.000000  0.0  0.000000   
(1, 0, 0, 0, 1, 0)  0.0  0.0  0.000000 -0.204226  0.000000  0.0  0.000000   
(2, 0, 0, 0, 2, 0)  0.0  0.0  0.000000  0.000000 -0.690599  0.0  0.000000   
(0, 1, 0, 0, 3, 0)  0.0  0.0  0.000000  0.000000 -0.184712  0.0  0.000000   
(0, 2, 0, 0, 4, 0)  0.0  0.0  0.000000  0.000000  0.000000  0.0  0.000000   
(0, 3, 0, 0, 0, 1)  0.0  0.0  0.000000  0.000000  0.000000  0.0 -0.313057   
(0, 4, 0, 0, 0, 2)  0.0  0.0  0.000000  0.000000  0.000000  0.0  0.000000   

                           7         8  
(0, 0, 0, 0, 0, 0)  0.000000  0.000000  
(0, 1, 0, 0, 0, 1)  0.000000 -0.140487  
(1, 0, 0, 0, 1, 0)  0.000000  0.000000  
(2, 0, 0, 0, 2, 0)  0.000000  0.000000  
(0, 1, 0, 0, 3, 0)  0.000000  0.000000  
(0, 2, 0, 0, 4, 0) -0.718954  0.000000  
(0, 3, 0, 0, 0, 1)  0.000000  0.000000  
(0, 4, 0, 0, 0, 2)  0.000000  0.000000  
FEs:550:                       0    1         2         3         4    5         6  \
(0, 0, 0, 0, 0, 0)  0.0  0.0 -0.151408  0.000000  0.000000  0.0 -0.104551   
(0, 1, 0, 0, 0, 1)  0.0  0.0  0.000000  0.000000  0.000000  0.0  0.000000   
(1, 0, 0, 0, 1, 0)  0.0  0.0  0.000000 -0.204226  0.000000  0.0  0.000000   
(2, 0, 0, 0, 2, 0)  0.0  0.0  0.000000  0.000000 -0.690599  0.0  0.000000   
(0, 1, 0, 0, 3, 0)  0.0  0.0  0.000000  0.000000 -0.184712  0.0  0.000000   
(0, 2, 0, 0, 4, 0)  0.0  0.0  0.000000  0.000000  0.000000  0.0  0.000000   
(0, 3, 0, 0, 0, 1)  0.0  0.0  0.000000  0.000000  0.000000  0.0 -0.313057   
(0, 4, 0, 0, 0, 2)  0.0  0.0  0.000000  0.000000  0.000000  0.0 -1.001910   
(0, 5, 0, 0, 0, 3)  0.0  0.0  0.000000  0.000000  0.000000  0.0  0.000000   

                           7         8  
(0, 0, 0, 0, 0, 0)  0.000000  0.000000  
(0, 1, 0, 0, 0, 1)  0.000000 -0.140487  
(1, 0, 0, 0, 1, 0)  0.000000  0.000000  
(2, 0, 0, 0, 2, 0)  0.000000  0.000000  
(0, 1, 0, 0, 3, 0)  0.000000  0.000000  
(0, 2, 0, 0, 4, 0) -0.718954  0.000000  
(0, 3, 0, 0, 0, 1)  0.000000  0.000000  
(0, 4, 0, 0, 0, 2)  0.000000  0.000000  
(0, 5, 0, 0, 0, 3)  0.000000  0.000000  
FEs:600:                       0    1         2         3         4    5         6  \
(0, 0, 0, 0, 0, 0)  0.0  0.0 -0.151408  0.000000  0.000000  0.0 -0.104551   
(0, 1, 0, 0, 0, 1)  0.0  0.0  0.000000  0.000000  0.000000  0.0  0.000000   
(1, 0, 0, 0, 1, 0)  0.0  0.0  0.000000 -0.204226  0.000000  0.0  0.000000   
(2, 0, 0, 0, 2, 0)  0.0  0.0  0.000000  0.000000 -0.690599  0.0  0.000000   
(0, 1, 0, 0, 3, 0)  0.0  0.0  0.000000  0.000000 -0.184712  0.0  0.000000   
(0, 2, 0, 0, 4, 0)  0.0  0.0  0.000000  0.000000  0.000000  0.0  0.000000   
(0, 3, 0, 0, 0, 1)  0.0  0.0  0.000000  0.000000  0.000000  0.0 -0.313057   
(0, 4, 0, 0, 0, 2)  0.0  0.0  0.000000  0.000000  0.000000  0.0 -1.001910   
(0, 5, 0, 0, 0, 3)  0.0  0.0  0.000000 -0.730271  0.000000  0.0  0.000000   
(0, 6, 0, 0, 1, 0)  0.0  0.0  0.000000  0.000000  0.000000  0.0  0.000000   

                           7         8  
(0, 0, 0, 0, 0, 0)  0.000000  0.000000  
(0, 1, 0, 0, 0, 1)  0.000000 -0.140487  
(1, 0, 0, 0, 1, 0)  0.000000  0.000000  
(2, 0, 0, 0, 2, 0)  0.000000  0.000000  
(0, 1, 0, 0, 3, 0)  0.000000  0.000000  
(0, 2, 0, 0, 4, 0) -0.718954  0.000000  
(0, 3, 0, 0, 0, 1)  0.000000  0.000000  
(0, 4, 0, 0, 0, 2)  0.000000  0.000000  
(0, 5, 0, 0, 0, 3)  0.000000  0.000000  
(0, 6, 0, 0, 1, 0)  0.000000  0.000000  
FEs:650:                       0    1         2         3         4    5         6  \
(0, 0, 0, 0, 0, 0)  0.0  0.0 -0.151408  0.000000  0.000000  0.0 -0.104551   
(0, 1, 0, 0, 0, 1)  0.0  0.0  0.000000  0.000000  0.000000  0.0  0.000000   
(1, 0, 0, 0, 1, 0)  0.0  0.0  0.000000 -0.204226  0.000000  0.0  0.000000   
(2, 0, 0, 0, 2, 0)  0.0  0.0  0.000000  0.000000 -0.690599  0.0  0.000000   
(0, 1, 0, 0, 3, 0)  0.0  0.0  0.000000  0.000000 -0.184712  0.0  0.000000   
(0, 2, 0, 0, 4, 0)  0.0  0.0  0.000000  0.000000  0.000000  0.0  0.000000   
(0, 3, 0, 0, 0, 1)  0.0  0.0  0.000000  0.000000  0.000000  0.0 -0.313057   
(0, 4, 0, 0, 0, 2)  0.0  0.0  0.000000  0.000000  0.000000  0.0 -1.001910   
(0, 5, 0, 0, 0, 3)  0.0  0.0  0.000000 -0.730271  0.000000  0.0  0.000000   
(0, 6, 0, 0, 1, 0)  0.0  0.0 -0.453141  0.000000  0.000000  0.0  0.000000   
(0, 7, 0, 0, 0, 1)  0.0  0.0  0.000000  0.000000  0.000000  0.0  0.000000   

                           7         8  
(0, 0, 0, 0, 0, 0)  0.000000  0.000000  
(0, 1, 0, 0, 0, 1)  0.000000 -0.140487  
(1, 0, 0, 0, 1, 0)  0.000000  0.000000  
(2, 0, 0, 0, 2, 0)  0.000000  0.000000  
(0, 1, 0, 0, 3, 0)  0.000000  0.000000  
(0, 2, 0, 0, 4, 0) -0.718954  0.000000  
(0, 3, 0, 0, 0, 1)  0.000000  0.000000  
(0, 4, 0, 0, 0, 2)  0.000000  0.000000  
(0, 5, 0, 0, 0, 3)  0.000000  0.000000  
(0, 6, 0, 0, 1, 0)  0.000000  0.000000  
(0, 7, 0, 0, 0, 1)  0.000000  0.000000  
FEs:700:                       0    1         2         3         4         5  \
(0, 0, 0, 0, 0, 0)  0.0  0.0 -0.151408  0.000000  0.000000  0.000000   
(0, 1, 0, 0, 0, 1)  0.0  0.0  0.000000  0.000000  0.000000  0.000000   
(1, 0, 0, 0, 1, 0)  0.0  0.0  0.000000 -0.204226  0.000000  0.000000   
(2, 0, 0, 0, 2, 0)  0.0  0.0  0.000000  0.000000 -0.690599  0.000000   
(0, 1, 0, 0, 3, 0)  0.0  0.0  0.000000  0.000000 -0.184712  0.000000   
(0, 2, 0, 0, 4, 0)  0.0  0.0  0.000000  0.000000  0.000000  0.000000   
(0, 3, 0, 0, 0, 1)  0.0  0.0  0.000000  0.000000  0.000000  0.000000   
(0, 4, 0, 0, 0, 2)  0.0  0.0  0.000000  0.000000  0.000000  0.000000   
(0, 5, 0, 0, 0, 3)  0.0  0.0  0.000000 -0.730271  0.000000  0.000000   
(0, 6, 0, 0, 1, 0)  0.0  0.0 -0.453141  0.000000  0.000000  0.000000   
(0, 7, 0, 0, 0, 1)  0.0  0.0  0.000000  0.000000  0.000000 -0.631224   
(0, 8, 0, 0, 0, 2)  0.0  0.0  0.000000  0.000000  0.000000  0.000000   

                           6         7         8  
(0, 0, 0, 0, 0, 0) -0.104551  0.000000  0.000000  
(0, 1, 0, 0, 0, 1)  0.000000  0.000000 -0.140487  
(1, 0, 0, 0, 1, 0)  0.000000  0.000000  0.000000  
(2, 0, 0, 0, 2, 0)  0.000000  0.000000  0.000000  
(0, 1, 0, 0, 3, 0)  0.000000  0.000000  0.000000  
(0, 2, 0, 0, 4, 0)  0.000000 -0.718954  0.000000  
(0, 3, 0, 0, 0, 1) -0.313057  0.000000  0.000000  
(0, 4, 0, 0, 0, 2) -1.001910  0.000000  0.000000  
(0, 5, 0, 0, 0, 3)  0.000000  0.000000  0.000000  
(0, 6, 0, 0, 1, 0)  0.000000  0.000000  0.000000  
(0, 7, 0, 0, 0, 1)  0.000000  0.000000  0.000000  
(0, 8, 0, 0, 0, 2)  0.000000  0.000000  0.000000  
FEs:750:                       0    1         2         3         4         5  \
(0, 0, 0, 0, 0, 0)  0.0  0.0 -0.151408  0.000000  0.000000  0.000000   
(0, 1, 0, 0, 0, 1)  0.0  0.0  0.000000  0.000000  0.000000  0.000000   
(1, 0, 0, 0, 1, 0)  0.0  0.0  0.000000 -0.204226  0.000000  0.000000   
(2, 0, 0, 0, 2, 0)  0.0  0.0  0.000000  0.000000 -0.690599  0.000000   
(0, 1, 0, 0, 3, 0)  0.0  0.0  0.000000  0.000000 -0.184712  0.000000   
(0, 2, 0, 0, 4, 0)  0.0  0.0  0.000000  0.000000  0.000000  0.000000   
(0, 3, 0, 0, 0, 1)  0.0  0.0  0.000000  0.000000  0.000000  0.000000   
(0, 4, 0, 0, 0, 2)  0.0  0.0  0.000000  0.000000  0.000000  0.000000   
(0, 5, 0, 0, 0, 3)  0.0  0.0  0.000000 -0.730271  0.000000  0.000000   
(0, 6, 0, 0, 1, 0)  0.0  0.0 -0.453141  0.000000  0.000000  0.000000   
(0, 7, 0, 0, 0, 1)  0.0  0.0  0.000000  0.000000  0.000000 -0.631224   
(0, 8, 0, 0, 0, 2)  0.0  0.0  0.000000  0.000000  0.000000  0.000000   
(0, 9, 0, 0, 0, 3)  0.0  0.0  0.000000  0.000000  0.000000  0.000000   

                           6         7         8  
(0, 0, 0, 0, 0, 0) -0.104551  0.000000  0.000000  
(0, 1, 0, 0, 0, 1)  0.000000  0.000000 -0.140487  
(1, 0, 0, 0, 1, 0)  0.000000  0.000000  0.000000  
(2, 0, 0, 0, 2, 0)  0.000000  0.000000  0.000000  
(0, 1, 0, 0, 3, 0)  0.000000  0.000000  0.000000  
(0, 2, 0, 0, 4, 0)  0.000000 -0.718954  0.000000  
(0, 3, 0, 0, 0, 1) -0.313057  0.000000  0.000000  
(0, 4, 0, 0, 0, 2) -1.001910  0.000000  0.000000  
(0, 5, 0, 0, 0, 3)  0.000000  0.000000  0.000000  
(0, 6, 0, 0, 1, 0)  0.000000  0.000000  0.000000  
(0, 7, 0, 0, 0, 1)  0.000000  0.000000  0.000000  
(0, 8, 0, 0, 0, 2)  0.000000  0.000000 -0.435953  
(0, 9, 0, 0, 0, 3)  0.000000  0.000000  0.000000  
